BMI
17.21
32.8
18.53
17.58
42.19
22.35
16.8
23.11
27.6
17.41
23.76
31.46
27.37
20.89
16.95
15.75
23.11
16.14
13.67
29.82
19.38
18.26
17.45
25.22
21.96
24.3
23.13
16.84
18.17
29.79
32.95
13.05

28.29
27.1
18.01
17.58
30.43
27.91
18.79
19.89
38.53
16.17
22.86
16.89
15.82
23.45
15.25
21.44
20.32
16.86
22.04
30.35
18.03
23.5
18.03
23.32
27.57
15.77
15.49
27.61
25.41
14.95
28.08
27.71
26.46
21.34
29.24
16.29
17.25
16.65
23.18
29.75
27.83
23.05
20.72
25.03
20.38
35.75
20.21
30.86
19.41
23.75
19.27
19.27
26.85
25.71
16.11
24.26
32.09
34.86
24.89
16.24
19.03
19.79
17.83
22.49
22.18
23.88
22.42
40.29
17.61
20.56
34.73
15.88
16.22
26.22
24.91
28.71
24.06
27.76
30.54
16.45
28.7
22.33
20.97
14.76
16.39
28.99
20.24
20.22
30.32
17.17
24.65
15.64
19.49
15.9
15.49
16.26
27.5
35.51
19.81
15.99
18.61
15.26
16.11
19
32.51
24.39
19
25.33
23.75
27.61
31.76
30.62
16.96
17.69
19.86
25.17
29.89
19.4
24.55
15.55
18.75
24.18
30.75
25.69
33.96
17.11
16.29
17.45
27.67
24.9
27.55
20.82
25.7
29.29
18.18
18.11
21.82
15.05
15.57
20.46
27.89
15.99
18.14
26.7
25.89
18.89
20.24
27.69
12.63
15.02
19.69
15.84
18.53
17.99
25.54
17.75
16.9
21.69
22.46
16.99
15.56
24.52
27.93
28.47
31.09
32.73
21.16
21.74
19.2
23.55
14.89
32.51
17.57
15.29
22.81
21.01
18.11
15.92
17.3
33.36
22.26
19.31
16.62
16.8
20.56
33.15
17.29
14.19
26.27
23.83
26.03
21.44
22.31
17.44
23.8
17.71
24.8
21.76
21.19
25.6
18.48
21.5
27.14
29.96
17.29
18.16
16.81
18.28
26.85
18.05
19.72
15.28
25
33.08
25.98
29.92
16.87
17.74
15.11
28.74
18.72
15.74
20.5
29.53
18.24
26.02
23.11
27.14
15.68
19.56
22.96
19.45
22.87
23.27
17.89
18.39
18.44
19.18
18.52
17.08
16.75
25.28
18.72
18.86
25.94
27.1
16.02
15.36
20.93
19.8
33.97
18.83
16.44
20.33
30.69
21.22
30.08
16.69
17.43
18.81
14.82
17.98
23.54
17.85
19.55
23.74
22.19
26.88
38.09
32.7
28.14
15.16
13.67
21.48
29.5
19.96
25.88
18.9
22.88
18.27
19.51
21.2
28.63
16.44
20.3
17.52
16.33
24.41
19.5
17.73
15.93
22.15
18.75
18.38
15.12
28.08
15.85
17.42
18.77
25.63
20.61
28.58
25.93
17.15
29.79
15.45
17.45
32.61
30.18
19.52
27.16
18.98
20.78
17.64
19.98
17.75
23.09
21.73
16.32
20.28
22.78
19.46
24.81
26.91
18.56
16.19
19.52
15.47
18.26
16.47
18.35
18.15
20.72
17.16
31.43
29.33
13.06
30.13
16.29
21.29
37.89
32.19
23.79
24.18
17.76
19.66
17.38
20
19.64
18.17
29.46
20.5
16.4
17.65
19.75
20.72
16.48
16.17
16.06
13.71
22.58
21.29
36.33
15.99
15.18
28.23
27.07
18.28
30.98
15.95
17.64
20.28
25.72
31.44
16.14
24.06
25.29
23.04
18.73
27.77
31.55
17.67
20.51
30.59
17.42
18.34
15.08
17.8
29.95
22.23
24.45
16.52
15.67
18.38
32.47
18.13
16.63
23.15
17.55
26.57
18.03
19.65
16.97
33.36
22.58
16.22
24.08
17.34
23.88
27.62
21.03
27.6
16.52
24.41
22.45
25.33
17.79
23.83
16.75
27.53
19.05
16.98
20.28
16.17
16.39
27.19
19.13
27.21
15.84
20.45
19.71
25.13
20.85
17.37
16.23
16.12
14.77
32.37
19.96
23.16
24.71
16.37
15.5
16.42
22
23.57
30.05
20.75
24.23
24.26
24.26
26.5
16.62
18.02
21.73
29.93
27.15
15.58
25.44
29.31
27.93
27.08
18.54
32.47
16.15
26.6
