S_TG
144
97
112
143
125
64
45
275
205
57
95
128
100
82
94
96
74
53
66
204
67
91
80
85
102
69
38
84
152
214
80
132
115
53
91
148
145
251
108
51
150
83
61
281
54
82
116
66
107
177
55
102
90
135
98
121
232
172
30
82
219
128
75
74
152
66
62
64
84
106
79
103
128
232
91
91
155
71
79
148
95
45
99
88
77
95
209
63
82
119
175
99
93
76
232
88
92
104
107
65
190
61
45
219
79
89
208
124
255
182
92
179
123
224
195
113
38
73
158
104
28
226
87
238
55
98
41
104
43
198
71
58
50
73
44
65
95
208
116
93
86
40
171
175
116
56
88
121
178
78
85
76
32
90
163
90
140
244
64
61
81
126
88
248
152
100
118
55
99
67
38
58
140
199
121
54
124
119
162
172
114
59
67
38
65
37
123
90
63
173
70
110
55
88
54
338
179
82
134
74
66
190
88
59
155
45
62
123
100
89
82
54
199
237
70
108
82
81
117
53
50
69
55
58
272
135
17
109
95
73
122
273
106
62
47
218
122
52
40
89
59
130
123
33
50
116
149
86
65
49
71
83
118
68
107
77
189
64
119
43
140
51
64
200
64
109
190
53
75
98
95
48
218
109
188
54
54
107
158
36
48
56
260
162
46
58
95
86
86
130
68
55
65
129
57
61
86
95
144
50
75
199
209
84
69
82
73
103
34
147
67
108
53
145
69
119
72
69
50
83
254
74
164
62
107
107
76
85
188
30
112
70
69
117
50
74
52
130
197
71
193
182
74
168
39
66
55
62
50
61
143
82
230
145
84
115
151
51
85
133
77
131
76
107
49
68
158
253
104
61
230
63
122
157
69
43
85
77
21
41
67
87
49
135
236
66
89
153
56
47
104
85
72
209
281
176
81
42
209
300
87
124
92
72
54
182
114
148
138
55
75
84
188
113
77
48
273
83
55
84
41
150
75
116
112
85
102
127
83
100
141
84
120
27
64
96
184
310
57
104
53
91
154
188
102
63
346
149
92
62
218
34
156
63
61
87
46
93
133
86
202
54
78
39
127
90
135
78
76
71
179
85
105
104
79
54
92
51
105
92
103
107
146
143
260
62
44
108
171
50
124
93
95
185
226
40
284
44
125
